5398,18519,23018,29539,35396,35671,37220,39201,39202,39203,39204,39205,42540,42542,42544,42545,42562,43404,43709,53484,65776,66177,66178,66179,66180,66181,66182,66183,66184,66185,66186,66187,66188,66189,66190,66191,66192,66193,66194,66195,66196,66197,66198,66199,66200,67283,70439,70476,70628,70630,70680,70684,70703,70737,70903,70924,71105,71150,71163,71173,71193,71291,71314,71383,71486,71510,71599,71651,71735,71741,71791,71940,71950,72027,72217,72335,72406,72456,72461,72516,72517,72518,72703,72845,72923,72927,72997,73130,73132,73318,73355,73375,73395,73512,73604,73614,73659,73697,73761,73774,73919,73974,74194,74300,74303,74348,74381,74466,74524,74624,74677,74699,74728,74750,74763,74984,75248,75272,75285,75382,75422,75485,75572,75938,75999,76263,76344,76359,76401,76634,76683,76702,76717,76745,76803,76908,76961,77015,77116,77217,77280,77281,77295,77316,77380,77391,77395,77396,77409,77470,77471,77475,77479,77482,77483,77486,77488,77491,77492,77499,77501,77502,77504,77507,77510,77513,77518,77519,77520,77523,77524,77526,77529,77530,77531,77532,77534,77535,77540,77541,77543,77546,77552,77553,77557,77559,77560,77561	12/02/15 00:44:24
41804,42882,70486,70965,70984,71056,71426,71873,71924,71955,72051,72674,73287,73392,73589,74095,74429,74612,74829,74854,74939,75100,75147,75202,75542,75562,75612,75615,75640,75684,75703,75879,76112,76241,76507,76677,76882,76970,77129,77306,77346,77522	12/03/15 14:59:01
39192,43730,74457	12/03/15 15:12:48
70444,70445,70499,70696,70710,70806,71088,71208,71431,71594,71762,72052,72108,72122,72382,72387,72397,72422,72522,72583,73121,73153,73159,73313,73899,73942,74417,74594,74607,74692,74892,75279,75403,75410,75587,75641,75810,75885,76037,76181,76589,76733,76772,76841,76864,77205,77363,77412	12/03/15 18:37:21
70962,71349,74008	12/03/15 23:16:23
71972,72675,72841,73886,74099,76158,76393	12/04/15 15:44:51
72083,73438,74073,74235	12/04/15 16:58:47
40358,71255,72362,73601,73794,73811,75882,75913,77338,77485	12/04/15 22:36:54
17100,20791,35669,41168,49546,53452,65961,66663,66664,70570,70721,70913,70993,71662,71683,71835,72041,72099,72167,72203,72268,72708,72894,72985,73117,73184,73258,73356,73597,73885,74153,74299,74479,74798,75019,75119,75333,75396,75413,75429,75679,75800,75977,76094,76575,76696,76909,76944,77428,77468,77477	12/07/15 14:39:22
17678,71131,73690,74621,77398	12/07/15 22:31:52
18039,43692,46392,46393,46394,46395,46396,46397,49243,49441,49442,67863,70527,70560,71578,71892,72021,72043,72491,72902,73228,73418,73452,73893,74638,75267,75746,76412,76880,77286,77494,77528,77536	Thu Dec 10 19:35:52 2015
16981,42799,51804,76954	Sat Dec 12 21:33:29 2015
70689	Sun Dec 13 16:22:48 2015
41929,70413,70542,70649,71674,73093,73214,73552,73657,73937,74026,74043,74064,74785,75234,75731,77287,77503	Mon Dec 14 11:50:00 2015
65806,77343,77493	Tue Dec 15 03:24:51 2015
35459,68431,70532,70583,70736,70754,70804,70948,71210,71518,71545,71575,71676,71839,71954,72157,72408,72797,72801,72848,73255,73946,74022,74104,74487,74629,74705,74714,74841,75298,75453,75705,75762,75772,75786,76033,76194,76363,76508,76971,77107,77153,77567,77568,77569,77571,77573,77575,77576,77577,77579,77580,77581,77582,77584,77586,77587,77589,77591,77592,77593,77595,77596,77597,77598,77600,77601,77602,77603,77604,77605,77606,77607,77608,77609,77610,77612,77613,77615,77616,77619,77620,77623,77624,77626,77628,77629,77630,77631,77632,77633,77634,77635,77636,77637,77638,77639,77640,77641,77642,77643,77644,77645,77647,77648,77650,77651,77653,77655,77656,77657,77659,77662,77665,77666,77667,77669,77671,77672,77673,77674	Wed Dec 16 20:19:44 2015
21247,30325,65689,70803,75352,77594	Sun Dec 20 06:58:33 2015
9830,17861,17864,18526,18528,18530,39365,42451,42871,42873,43699,46522,65700,65774,65783,66097,67018,67101,70417,70459,70509,70526,70591,70627,70640,70729,70771,70777,70843,70856,70902,71062,71091,71122,71167,71230,71305,71320,71326,71415,71497,71530,71612,71631,71681,71709,71716,71752,71758,71777,71878,71899,72026,72037,72160,72170,72278,72350,72351,72400,72405,72457,72473,72488,72561,72566,72640,72653,72668,72746,72757,72783,72804,72811,72816,72820,72828,72840,72904,72922,72945,72947,73011,73015,73036,73094,73134,73207,73210,73222,73283,73306,73336,73361,73420,73445,73455,73470,73485,73528,73664,73707,73776,73783,73831,73836,73894,73907,73934,73938,73947,73996,74056,74063,74070,74106,74135,74140,74171,74174,74198,74217,74222,74223,74224,74229,74248,74261,74336,74389,74393,74394,74414,74415,74432,74490,74534,74563,74600,74640,74652,74656,74669,74693,74711,74786,74817,74837,74876,74885,74912,74914,75058,75108,75198,75222,75236,75283,75313,75375,75379,75423,75456,75486,75490,75505,75518,75655,75663,75699,75837,75869,75902,75903,75998,76003,76118,76161,76170,76231,76255,76299,76304,76314,76406,76416,76503,76535,76581,76596,76622,76685,76773,76834,76910,76929,77041,77049,77175,77243,77515,77570,77599,77611,77618,77621,77625,77646,77658,77670	Sat Dec 26 07:13:44 2015
18051,65964,71515,72325	Tue Dec 29 04:00:21 2015
6762,6778,6810,9897,16989,16996,17007,17026,20216,30328,30496,30650,35434,35675,35678,35685,35990,36964,37030,37031,37032,37033,37034,37943,39319,39364,39368,39557,43261,43644,43662,43680,48239,48253,48946,49248,49443,49444,51811,52852,53490,53652,53772,61050,61072,65912,66064,67071,67097,69023,69430,69445,69595,69815,69818,69820,69824,69832,69833,69846,69851,69859,69860,69865,69868,69877,69885,69894,69899,69904,69905,69913,69914,69916,69917,69918,69938,69940,69941,69944,69947,69949,69952,69956,69957,69959,69963,69973,69974,69991,69994,69998,70002,70007,70015,70016,70021,70022,70024,70037,70038,70049,70050,70054,70062,70415,70419,70449,70455,70457,70461,70481,70488,70512,70515,70517,70519,70530,70544,70553,70565,70578,70584,70586,70605,70607,70614,70621,70623,70625,70639,70643,70644,70648,70654,70674,70704,70705,70708,70723,70725,70733,70734,70740,70747,70748,70751,70756,70774,70790,70793,70808,70819,70832,70841,70849,70885,70894,70896,70904,70905,70908,70917,70919,70921,70927,70928,70946,70949,70953,70976,70986,70991,71002,71014,71020,71030,71033,71047,71057,71061,71080,71106,71124,71127,71133,71138,71141,71142,71143,71145,71151,71169,71187,71191,71211,71238,71257,71263,71265,71282,71286,71288,71290,71295,71297,71306,71313,71318,71328,71337,71347,71359,71361,71363,71365,71369,71378,71379,71386,71390,71396,71404,71407,71422,71439,71445,71451,71462,71468,71469,71472,71481,71488,71501,71505,71506,71508,71519,71524,71526,71534,71535,71540,71552,71554,71555,71557,71588,71600,71605,71606,71608,71614,71615,71621,71629,71632,71639,71652,71678,71687,71693,71701,71712,71743,71747,71756,71757,71760,71774,71775,71783,71804,71805,71812,71813,71814,71821,71828,71830,71832,71837,71850,71851,71855,71856,71859,71876,71882,71897,71913,71916,71920,71930,71936,71958,71963,71969,71975,71983,71986,71988,72003,72006,72008,72011,72014,72020,72029,72031,72033,72034,72035,72038,72039,72044,72081,72082,72086,72091,72112,72123,72148,72156,72172,72202,72207,72231,72233,72256,72269,72281,72288,72299,72322,72340,72344,72356,72360,72365,72373,72379,72386,72402,72417,72431,72452,72479,72508,72512,72525,72533,72536,72540,72541,72550,72552,72565,72571,72580,72588,72590,72592,72599,72604,72608,72609,72617,72630,72631,72635,72636,72637,72639,72646,72647,72649,72651,72652,72656,72658,72669,72695,72706,72712,72723,72732,72736,72739,72751,72753,72758,72760,72770,72775,72788,72808,72814,72818,72819,72824,72838,72844,72850,72856,72858,72864,72866,72889,72890,72907,72928,72930,72935,72937,72938,72942,72953,72960,72976,72987,72989,72992,72996,73016,73030,73031,73033,73047,73050,73053,73073,73082,73097,73099,73101,73115,73125,73133,73135,73138,73144,73155,73156,73166,73170,73173,73179,73189,73195,73205,73208,73235,73237,73241,73244,73247,73253,73256,73261,73299,73309,73317,73330,73335,73342,73346,73347,73358,73362,73363,73365,73371,73376,73384,73385,73391,73393,73400,73405,73406,73414,73425,73432,73437,73448,73462,73475,73480,73488,73489,73490,73493,73505,73522,73531,73545,73547,73548,73556,73559,73567,73572,73574,73575,73594,73598,73611,73617,73618,73623,73632,73636,73646,73660,73668,73682,73696,73698,73701,73702,73703,73715,73722,73725,73732,73739,73750,73754,73758,73765,73788,73814,73820,73840,73844,73856,73857,73861,73883,73900,73905,73926,73928,73931,73968,73982,73984,73986,73990,74012,74036,74038,74050,74054,74058,74066,74067,74076,74080,74085,74116,74131,74132,74145,74155,74175,74190,74191,74199,74200,74204,74215,74216,74241,74245,74246,74250,74257,74259,74260,74271,74274,74297,74306,74307,74308,74311,74313,74316,74334,74350,74354,74370,74373,74374,74387,74391,74392,74398,74399,74400,74405,74406,74411,74413,74418,74431,74442,74449,74450,74460,74462,74463,74488,74489,74502,74503,74508,74513,74519,74527,74531,74536,74538,74540,74545,74550,74551,74572,74575,74583,74587,74588,74590,74626,74642,74672,74676,74706,74708,74709,74718,74723,74726,74727,74729,74739,74755,74757,74759,74761,74766,74773,74799,74800,74803,74819,74820,74821,74823,74828,74835,74842,74859,74864,74870,74875,74894,74896,74923,74926,74943,74944,74945,74951,74952,74954,74958,74968,74972,74981,74983,74990,74992,74994,75014,75026,75031,75044,75047,75063,75069,75082,75086,75089,75091,75101,75105,75111,75112,75131,75132,75146,75151,75153,75155,75160,75167,75173,75174,75176,75203,75204,75239,75262,75271,75282,75297,75318,75327,75328,75329,75331,75341,75345,75357,75361,75362,75367,75371,75374,75377,75381,75384,75386,75400,75405,75407,75420,75421,75432,75442,75443,75451,75454,75463,75470,75472,75475,75484,75487,75491,75499,75500,75502,75507,75511,75519,75528,75544,75561,75565,75576,75578,75595,75602,75609,75617,75622,75627,75637,75639,75642,75651,75656,75664,75666,75670,75676,75682,75691,75692,75697,75702,75711,75713,75714,75715,75716,75721,75733,75750,75755,75767,75768,75775,75783,75785,75790,75802,75803,75812,75815,75819,75821,75828,75829,75843,75854,75867,75877,75883,75890,75901,75904,75906,75908,75910,75916,75924,75927,75941,75948,75996,76004,76008,76015,76020,76021,76028,76029,76031,76035,76045,76047,76055,76061,76063,76069,76078,76079,76081,76086,76090,76119,76130,76143,76144,76145,76155,76156,76163,76176,76183,76188,76189,76192,76193,76195,76200,76203,76207,76213,76234,76243,76256,76259,76261,76276,76282,76300,76303,76320,76321,76323,76336,76347,76349,76356,76357,76370,76381,76408,76437,76441,76451,76458,76462,76467,76472,76481,76487,76494,76496,76516,76534,76538,76546,76555,76571,76574,76585,76591,76593,76616,76619,76629,76632,76643,76644,76652,76666,76672,76695,76697,76714,76727,76739,76741,76753,76763,76769,76777,76779,76784,76808,76810,76815,76836,76859,76860,76862,76872,76874,76893,76902,76912,76916,76919,76922,76939,76958,76965,76976,76991,76996,77002,77009,77031,77036,77037,77048,77051,77060,77062,77065,77070,77081,77088,77090,77092,77104,77111,77135,77136,77142,77157,77188,77191,77194,77200,77215,77216,77218,77230,77234,77240,77241,77250,77260,77264,77305,77336,77369,77384,77392,77402,77416,77421,77431,77433,77439,77445,77449,77456,77460,77474,77497,77538,77548,77574,77649,77675	Wed Jan 20 14:13:01 2016
6762,6778,6810,9897,16989,16996,17007,17026,20216,30328,30496,30650,35434,35675,35678,35685,35990,36964,37030,37031,37032,37033,37034,37943,39319,39364,39368,39557,43261,43644,43662,43680,48239,48253,48946,49248,49443,49444,51811,52852,53490,53652,53772,61050,61072,65912,66064,67071,67097,69023,69430,69445,69595,69815,69818,69820,69824,69832,69833,69846,69851,69859,69860,69865,69868,69877,69885,69894,69899,69904,69905,69913,69914,69916,69917,69918,69938,69940,69941,69944,69947,69949,69952,69956,69957,69959,69963,69973,69974,69991,69994,69998,70002,70007,70015,70016,70021,70022,70024,70037,70038,70049,70050,70054,70062,70415,70419,70449,70455,70457,70461,70481,70488,70512,70515,70517,70519,70530,70544,70553,70565,70578,70584,70586,70605,70607,70614,70621,70623,70625,70639,70643,70644,70648,70654,70674,70704,70705,70708,70723,70725,70733,70734,70740,70747,70748,70751,70756,70774,70790,70793,70808,70819,70832,70841,70849,70885,70894,70896,70904,70905,70908,70917,70919,70921,70927,70928,70946,70949,70953,70976,70986,70991,71002,71014,71020,71030,71033,71047,71057,71061,71080,71106,71124,71127,71133,71138,71141,71142,71143,71145,71151,71169,71187,71191,71211,71238,71257,71263,71265,71282,71286,71288,71290,71295,71297,71306,71313,71318,71328,71337,71347,71359,71361,71363,71365,71369,71378,71379,71386,71390,71396,71404,71407,71422,71439,71445,71451,71462,71468,71469,71472,71481,71488,71501,71505,71506,71508,71519,71524,71526,71534,71535,71540,71552,71554,71555,71557,71588,71600,71605,71606,71608,71614,71615,71621,71629,71632,71639,71652,71678,71687,71693,71701,71712,71743,71747,71756,71757,71760,71774,71775,71783,71804,71805,71812,71813,71814,71821,71828,71830,71832,71837,71850,71851,71855,71856,71859,71876,71882,71897,71913,71916,71920,71930,71936,71958,71963,71969,71975,71983,71986,71988,72003,72006,72008,72011,72014,72020,72029,72031,72033,72034,72035,72038,72039,72044,72081,72082,72086,72091,72112,72123,72148,72156,72172,72202,72207,72231,72233,72256,72269,72281,72288,72299,72322,72340,72344,72356,72360,72365,72373,72379,72386,72402,72417,72431,72452,72479,72508,72512,72525,72533,72536,72540,72541,72550,72552,72565,72571,72580,72588,72590,72592,72599,72604,72608,72609,72617,72630,72631,72635,72636,72637,72639,72646,72647,72649,72651,72652,72656,72658,72669,72695,72706,72712,72723,72732,72736,72739,72751,72753,72758,72760,72770,72775,72788,72808,72814,72818,72819,72824,72838,72844,72850,72856,72858,72864,72866,72889,72890,72907,72928,72930,72935,72937,72938,72942,72953,72960,72976,72987,72989,72992,72996,73016,73030,73031,73033,73047,73050,73053,73073,73082,73097,73099,73101,73115,73125,73133,73135,73138,73144,73155,73156,73166,73170,73173,73179,73189,73195,73205,73208,73235,73237,73241,73244,73247,73253,73256,73261,73299,73309,73317,73330,73335,73342,73346,73347,73358,73362,73363,73365,73371,73376,73384,73385,73391,73393,73400,73405,73406,73414,73425,73432,73437,73448,73462,73475,73480,73488,73489,73490,73493,73505,73522,73531,73545,73547,73548,73556,73559,73567,73572,73574,73575,73594,73598,73611,73617,73618,73623,73632,73636,73646,73660,73668,73682,73696,73698,73701,73702,73703,73715,73722,73725,73732,73739,73750,73754,73758,73765,73788,73814,73820,73840,73844,73856,73857,73861,73883,73900,73905,73926,73928,73931,73968,73982,73984,73986,73990,74012,74036,74038,74050,74054,74058,74066,74067,74076,74080,74085,74116,74131,74132,74145,74155,74175,74190,74191,74199,74200,74204,74215,74216,74241,74245,74246,74250,74257,74259,74260,74271,74274,74297,74306,74307,74308,74311,74313,74316,74334,74350,74354,74370,74373,74374,74387,74391,74392,74398,74399,74400,74405,74406,74411,74413,74418,74431,74442,74449,74450,74460,74462,74463,74488,74489,74502,74503,74508,74513,74519,74527,74531,74536,74538,74540,74545,74550,74551,74572,74575,74583,74587,74588,74590,74626,74642,74672,74676,74706,74708,74709,74718,74723,74726,74727,74729,74739,74755,74757,74759,74761,74766,74773,74799,74800,74803,74819,74820,74821,74823,74828,74835,74842,74859,74864,74870,74875,74894,74896,74923,74926,74943,74944,74945,74951,74952,74954,74958,74968,74972,74981,74983,74990,74992,74994,75014,75026,75031,75044,75047,75063,75069,75082,75086,75089,75091,75101,75105,75111,75112,75131,75132,75146,75151,75153,75155,75160,75167,75173,75174,75176,75203,75204,75239,75262,75271,75282,75297,75318,75327,75328,75329,75331,75341,75345,75357,75361,75362,75367,75371,75374,75377,75381,75384,75386,75400,75405,75407,75420,75421,75432,75442,75443,75451,75454,75463,75470,75472,75475,75484,75487,75491,75499,75500,75502,75507,75511,75519,75528,75544,75561,75565,75576,75578,75595,75602,75609,75617,75622,75627,75637,75639,75642,75651,75656,75664,75666,75670,75676,75682,75691,75692,75697,75702,75711,75713,75714,75715,75716,75721,75733,75750,75755,75767,75768,75775,75783,75785,75790,75802,75803,75812,75815,75819,75821,75828,75829,75843,75854,75867,75877,75883,75890,75901,75904,75906,75908,75910,75916,75924,75927,75941,75948,75996,76004,76008,76015,76020,76021,76028,76029,76031,76035,76045,76047,76055,76061,76063,76069,76078,76079,76081,76086,76090,76119,76130,76143,76144,76145,76155,76156,76163,76176,76183,76188,76189,76192,76193,76195,76200,76203,76207,76213,76234,76243,76256,76259,76261,76276,76282,76300,76303,76320,76321,76323,76336,76347,76349,76356,76357,76370,76381,76408,76437,76441,76451,76458,76462,76467,76472,76481,76487,76494,76496,76516,76534,76538,76546,76555,76571,76574,76585,76591,76593,76616,76619,76629,76632,76643,76644,76652,76666,76672,76695,76697,76714,76727,76739,76741,76753,76763,76769,76777,76779,76784,76808,76810,76815,76836,76859,76860,76862,76872,76874,76893,76902,76912,76916,76919,76922,76939,76958,76965,76976,76991,76996,77002,77009,77031,77036,77037,77048,77051,77060,77062,77065,77070,77081,77088,77090,77092,77104,77111,77135,77136,77142,77157,77188,77191,77194,77200,77215,77216,77218,77230,77234,77240,77241,77250,77260,77264,77305,77336,77369,77384,77392,77402,77416,77421,77431,77433,77439,77445,77449,77456,77460,77474,77497,77538,77548,77574,77649,77675	Wed Jan 20 14:14:16 2016
6762,6778,6810,9897,16989,16996,17007,17026,20216,30328,30496,30650,35434,35675,35678,35685,35990,36964,37030,37031,37032,37033,37034,37943,39319,39364,39368,39557,43261,43644,43662,43680,48239,48253,48946,49248,49443,49444,51811,52852,53490,53652,53772,61050,61072,65912,66064,67071,67097,69023,69430,69445,69595,69815,69818,69820,69824,69832,69833,69846,69851,69859,69860,69865,69868,69877,69885,69894,69899,69904,69905,69913,69914,69916,69917,69918,69938,69940,69941,69944,69947,69949,69952,69956,69957,69959,69963,69973,69974,69991,69994,69998,70002,70007,70015,70016,70021,70022,70024,70037,70038,70049,70050,70054,70062,70415,70419,70449,70455,70457,70461,70481,70488,70512,70515,70517,70519,70530,70544,70553,70565,70578,70584,70586,70605,70607,70614,70621,70623,70625,70639,70643,70644,70648,70654,70674,70704,70705,70708,70723,70725,70733,70734,70740,70747,70748,70751,70756,70774,70790,70793,70808,70819,70832,70841,70849,70885,70894,70896,70904,70905,70908,70917,70919,70921,70927,70928,70946,70949,70953,70976,70986,70991,71002,71014,71020,71030,71033,71047,71057,71061,71080,71106,71124,71127,71133,71138,71141,71142,71143,71145,71151,71169,71187,71191,71211,71238,71257,71263,71265,71282,71286,71288,71290,71295,71297,71306,71313,71318,71328,71337,71347,71359,71361,71363,71365,71369,71378,71379,71386,71390,71396,71404,71407,71422,71439,71445,71451,71462,71468,71469,71472,71481,71488,71501,71505,71506,71508,71519,71524,71526,71534,71535,71540,71552,71554,71555,71557,71588,71600,71605,71606,71608,71614,71615,71621,71629,71632,71639,71652,71678,71687,71693,71701,71712,71743,71747,71756,71757,71760,71774,71775,71783,71804,71805,71812,71813,71814,71821,71828,71830,71832,71837,71850,71851,71855,71856,71859,71876,71882,71897,71913,71916,71920,71930,71936,71958,71963,71969,71975,71983,71986,71988,72003,72006,72008,72011,72014,72020,72029,72031,72033,72034,72035,72038,72039,72044,72081,72082,72086,72091,72112,72123,72148,72156,72172,72202,72207,72231,72233,72256,72269,72281,72288,72299,72322,72340,72344,72356,72360,72365,72373,72379,72386,72402,72417,72431,72452,72479,72508,72512,72525,72533,72536,72540,72541,72550,72552,72565,72571,72580,72588,72590,72592,72599,72604,72608,72609,72617,72630,72631,72635,72636,72637,72639,72646,72647,72649,72651,72652,72656,72658,72669,72695,72706,72712,72723,72732,72736,72739,72751,72753,72758,72760,72770,72775,72788,72808,72814,72818,72819,72824,72838,72844,72850,72856,72858,72864,72866,72889,72890,72907,72928,72930,72935,72937,72938,72942,72953,72960,72976,72987,72989,72992,72996,73016,73030,73031,73033,73047,73050,73053,73073,73082,73097,73099,73101,73115,73125,73133,73135,73138,73144,73155,73156,73166,73170,73173,73179,73189,73195,73205,73208,73235,73237,73241,73244,73247,73253,73256,73261,73299,73309,73317,73330,73335,73342,73346,73347,73358,73362,73363,73365,73371,73376,73384,73385,73391,73393,73400,73405,73406,73414,73425,73432,73437,73448,73462,73475,73480,73488,73489,73490,73493,73505,73522,73531,73545,73547,73548,73556,73559,73567,73572,73574,73575,73594,73598,73611,73617,73618,73623,73632,73636,73646,73660,73668,73682,73696,73698,73701,73702,73703,73715,73722,73725,73732,73739,73750,73754,73758,73765,73788,73814,73820,73840,73844,73856,73857,73861,73883,73900,73905,73926,73928,73931,73968,73982,73984,73986,73990,74012,74036,74038,74050,74054,74058,74066,74067,74076,74080,74085,74116,74131,74132,74145,74155,74175,74190,74191,74199,74200,74204,74215,74216,74241,74245,74246,74250,74257,74259,74260,74271,74274,74297,74306,74307,74308,74311,74313,74316,74334,74350,74354,74370,74373,74374,74387,74391,74392,74398,74399,74400,74405,74406,74411,74413,74418,74431,74442,74449,74450,74460,74462,74463,74488,74489,74502,74503,74508,74513,74519,74527,74531,74536,74538,74540,74545,74550,74551,74572,74575,74583,74587,74588,74590,74626,74642,74672,74676,74706,74708,74709,74718,74723,74726,74727,74729,74739,74755,74757,74759,74761,74766,74773,74799,74800,74803,74819,74820,74821,74823,74828,74835,74842,74859,74864,74870,74875,74894,74896,74923,74926,74943,74944,74945,74951,74952,74954,74958,74968,74972,74981,74983,74990,74992,74994,75014,75026,75031,75044,75047,75063,75069,75082,75086,75089,75091,75101,75105,75111,75112,75131,75132,75146,75151,75153,75155,75160,75167,75173,75174,75176,75203,75204,75239,75262,75271,75282,75297,75318,75327,75328,75329,75331,75341,75345,75357,75361,75362,75367,75371,75374,75377,75381,75384,75386,75400,75405,75407,75420,75421,75432,75442,75443,75451,75454,75463,75470,75472,75475,75484,75487,75491,75499,75500,75502,75507,75511,75519,75528,75544,75561,75565,75576,75578,75595,75602,75609,75617,75622,75627,75637,75639,75642,75651,75656,75664,75666,75670,75676,75682,75691,75692,75697,75702,75711,75713,75714,75715,75716,75721,75733,75750,75755,75767,75768,75775,75783,75785,75790,75802,75803,75812,75815,75819,75821,75828,75829,75843,75854,75867,75877,75883,75890,75901,75904,75906,75908,75910,75916,75924,75927,75941,75948,75996,76004,76008,76015,76020,76021,76028,76029,76031,76035,76045,76047,76055,76061,76063,76069,76078,76079,76081,76086,76090,76119,76130,76143,76144,76145,76155,76156,76163,76176,76183,76188,76189,76192,76193,76195,76200,76203,76207,76213,76234,76243,76256,76259,76261,76276,76282,76300,76303,76320,76321,76323,76336,76347,76349,76356,76357,76370,76381,76408,76437,76441,76451,76458,76462,76467,76472,76481,76487,76494,76496,76516,76534,76538,76546,76555,76571,76574,76585,76591,76593,76616,76619,76629,76632,76643,76644,76652,76666,76672,76695,76697,76714,76727,76739,76741,76753,76763,76769,76777,76779,76784,76808,76810,76815,76836,76859,76860,76862,76872,76874,76893,76902,76912,76916,76919,76922,76939,76958,76965,76976,76991,76996,77002,77009,77031,77036,77037,77048,77051,77060,77062,77065,77070,77081,77088,77090,77092,77104,77111,77135,77136,77142,77157,77188,77191,77194,77200,77215,77216,77218,77230,77234,77240,77241,77250,77260,77264,77305,77336,77369,77384,77392,77402,77416,77421,77431,77433,77439,77445,77449,77456,77460,77474,77497,77538,77548,77574,77649,77675	Wed Jan 20 14:18:15 2016
5374,18023,18025,43377,43498,72771,72780,74776,76573,77676,77677,77678	Mon Jan 25 09:05:25 2016
39513	Mon Jan 25 13:03:40 2016
4453,6746,8642,9888,9891,9892,9895,9898,17033,17036,17042,17119,17680,17851,17867,17869,17871,18021,18028,18045,18230,18231,18232,18233,18234,18235,18357,18380,18381,18383,29530,29534,29551,29560,30231,30254,30257,30259,30307,30309,30495,30643,30647,30648,30657,34925,35087,35167,35449,35458,39245,39257,39284,39285,40621,42466,42471,42473,42484,42539,42568,42572,42574,43188,43210,43213,43647,43683,45016,49348,49587,49590,49906,49925,67110,67304,67305,67478,68037,68648,69970,70292,70440,70503,70556,70613,70715,70769,70854,70997,71024,71066,71086,71101,71104,71174,71213,71258,71342,71477,71484,71596,71603,71771,71780,71848,71857,71893,71894,71935,71959,72071,72105,72169,72324,72342,72354,72371,72425,72441,72480,72564,72582,72641,72790,72809,72918,72983,73022,73112,73142,73152,73213,73259,73327,73413,73566,73676,73749,73757,73879,73920,73923,73940,73981,73994,74055,74057,74086,74147,74156,74157,74254,74265,74342,74444,74554,74585,74606,74611,74628,74712,74762,74784,74795,74887,75081,75085,75114,75141,75190,75245,75251,75397,75481,75493,75537,75546,75648,75710,75753,75813,75824,75914,75973,76077,76305,76325,76371,76387,76465,76475,76483,76543,76544,76594,76627,76676,76686,76754,76783,76820,76881,76903,76917,76981,77050,77123,77246,77258,77289,77307,77332,77381,77423,77441,77446,77455,77465,77654,77660,77681,77683,77684,77685,77686,77687,77688,77690,77691,77692,77693,77696,77699,77700,77703,77704,77705,77707,77708,77709,77711,77714,77718,77723,77725,77726,77728,77729,77730,77732,77733,77734,77740,77741,77742,77746,77747,77748,77749,77750,77751,77753,77754,77759,77762,77763,77769,77772,77773,77777,77782	Sat Jan 30 13:29:16 2016
9102,17068,17651,17653,17860,17863,17865,18052,18053,18055,18355,18358,18379,18382,18665,29547,29549,30319,30646,30654,35443,35451,42474,43677,46389,49445,53547,68690,68708,68731,68816,68828,68831,68843,68866,68906,68921,68928,68935,68943,68954,68964,69063,69101,69142,69169,69213,69222,69223,69224,69228,69264,69268,69285,69287,69308,69325,69334,69338,69342,69351,69390,69405,69413,69418,69426,69455,69492,69505,69508,69554,70157,72530,73172,73390,73729,75025,75192,75685,75761,76151,76657,76707,77247,77299,77442,77549,77757,77768	Tue Feb  2 01:28:57 2016
65706	Tue Feb  2 02:01:25 2016
17060,17845,18024,18026,18029,18047,18354,18378,29543,29544,30322,30651,35491,37021,42530,46386,53599,65813,65957,65984,66073,67112,71607,75179,76550,77400,77480,77490,77495,77512,77542,77697,77738,77789	Thu Feb  4 01:58:11 2016
8042,18208,71772,73956,74083,76648,77328	Fri Feb  5 21:12:20 2016
21036	Sun Feb  7 19:55:57 2016
8935,17675,17847,17868,18030,18032,18210,18505,21246,35009,35105,35420,36578,39370,42535,42537,42875,53713,75611,75793,76824	Mon Feb  8 19:27:26 2016
8935,17675,17847,17868,18030,18032,18210,18505,21036,21246,35009,35105,35420,36578,39370,42535,42537,42875,53713,75611,75793,76824	Mon Feb  8 23:11:34 2016
32,50,3888,5399,8128,8449,8720,8935,8936,9587,17027,17308,17309,17652,17656,17675,17677,17842,17843,17844,17846,17847,17849,17850,17852,17853,17866,17868,18022,18030,18032,18046,18048,18049,18050,18210,18502,18505,18506,18518,18827,20869,20870,20872,20873,20883,20997,20998,21004,21007,21009,21010,21012,21031,21036,21243,21246,21248,21249,21250,21254,24407,24409,24410,29540,35009,35105,35420,35681,36331,36350,36353,36578,39256,39349,39356,39363,39370,39377,41783,41947,41948,42397,42467,42468,42469,42470,42475,42476,42480,42483,42486,42490,42491,42500,42502,42503,42508,42509,42512,42519,42520,42526,42533,42534,42535,42537,42538,42541,42543,42552,42553,42554,42555,42556,42557,42560,42563,42564,42566,42569,42570,42571,42575,42576,42875,43009,43049,43053,43211,43639,43641,43650,43653,43656,43659,43733,44733,44735,45016,45034,46387,46388,46390,46516,46520,46600,48770,48811,48818,49030,49100,49912,51789,51817,51828,52113,52115,52153,52175,52733,52747,53488,53525,53589,53662,53713,53718,53754,61054,61095,61116,63893,63896,65229,65475,65481,65696,65773,65780,65817,65845,66072,66088,66112,66113,66116,66767,66947,66948,67479,67480,67481,67484,67494,68121,68123,68141,68162,68164,70072,70126,70129,70133,70136,70140,70143,70151,70155,70161,70165,70169,70170,70171,70173,70178,70179,70182,70189,70190,70192,70200,70205,70212,70213,70214,70215,70217,70218,70225,70227,70314,70685,70761,70809,70910,70932,70935,71000,71017,71082,71229,71354,71444,71533,71691,71933,71964,71992,72053,72198,72227,72330,72361,72396,72409,72460,72532,72665,72700,72756,72794,72878,72893,72967,72978,73301,73360,73423,73526,73681,73751,73802,74013,74065,74197,74351,74377,74408,74595,74985,74986,75003,75055,75103,75268,75363,75611,75643,75659,75668,75741,75777,75793,75811,75896,75935,75962,75988,76030,76064,76104,76140,76177,76436,76599,76602,76824,77083,77141,77219,77269,77270,77276,77315,77318,77397,77401,77432,77463,77509,77679,77682,77702,77706,77710,77715,77721,77722,77724,77731,77735,77752,77756,77761,77764,77770,77775,77783,77787,77788,77790,77791,77792,77793,77794,77795,77796,77797,77798,77799,77800,77801,77802,77803,77804,77805,77806,77808,77811,77813,77814,77817,77818,77820,77821,77823,77824,77826,77827,77828,77829,77830,77831,77835,77836,77837,77838,77839,77841,77842,77843,77844,77846,77847,77848,77849,77851,77852,77853,77854,77855,77856,77859,77860,77861,77862,77864,77865,77866,77867,77868,77869,77870,77871,77872,77874,77875,77876,77877,77879,77880,77881,77882,77883,77885,77886,77887,77888,77889,77890,77891,77893,77894,77895,77896,77897,77898,77899,77901,77903,77904,77905,77907,77908,77909,77910,77911,77912,77913,77914,77915,77916,77917,77918,77919,77920,77922,77924,77926,77927,77928,77929,77931,77933,77935,77936,77937,77938,77939,77940,77942,77943,77944,77946,77947,77948,77949,77950,77951,77952,77954,77955,77956,77957,77958,77959,77960,77961,77962,77963,77964,77965,77966,77967,77968,77969,77970,77971,77972,77973,77974,77975,77976,77977,77979,77981,77982,77983,77985,77986,77988,77989,77990,77991,77992,77993,77995,77996,77997,77998,77999,78000,78001,78002,78003,78004,78005,78006,78007,78008,78009,78010,78012,78013,78014,78015,78016,78017,78018,78019,78020,78021,78022,78023,78024,78026,78027,78028,78029,78030,78031,78032,78033,78034,78035,78037,78038,78039,78040,78041,78042,78043,78044,78045,78046,78047,78048,78049,78050,78051,78052,78053,78054,78055,78056,78057,78058,78059,78060,78061,78062,78063,78064,78065,78066,78067,78068,78069,78070,78071,78072,78073,78074,78075,78076,78077,78078,78079,78080,78081,78082,78083,78084,78085,78086,78087,78088,78089,78090,78091,78092,78093,78094,78095,78096,78097,78098,78099,78100,78101,78102,78103,78104,78105,78106,78107,78108,78109,78110,78111,78112,78113,78115,78116,78117,78119,78122,78126,78127,78129,78131,78133,78134,78136,78137,78143,78144,78145,78146,78148,78152,78153,78154,78155,78156,78158,78160,78161,78162,78163,78164,78165,78166,78167,78169,78170,78171,78174,78177,78178,78179,78180,78182,78185,78186,78189,78190,78193,78194,78195,78196,78197,78198,78200,78201,78205,78206,78207,78208,78209,78211,78212,78213,78214,78215,78217,78218,78219,78221,78222,78224,78225,78226,78228,78229,78230,78231,78234,78235,78236,78239,78241,78242,78243,78244,78245,78246,78247,78249,78252,78255,78256,78258,78259,78260,78263,78264,78269,78270,78271,78272,78275,78280,78281,78282,78283,78288,78290,78293,78294,78296,78297,78300,78302,78303,78304,78305,78306,78308,78311,78312,78314,78316,78319,78320,78321,78324,78325,78326,78327,78328,78329,78330,78331,78332,78333,78336,78338,78339,78341,78342,78343,78344,78345,78351,78354,78355,78356,78358,78359,78364,78365,78368,78369,78370,78373,78374,78377,78378,78380,78382,78383,78384,78385,78386,78388,78389,78390,78391,78392,78394,78395,78400,78401,78402,78403,78406,78408,78409,78410,78412,78415,78417,78422,78424,78425,78427,78429,78431,78432,78436,78437,78438,78440,78442,78443,78447,78449,78450,78451,78452,78453,78455,78456,78457,78458,78460,78461,78462,78463,78464,78468,78470,78471,78474,78475,78476,78479,78480,78481,78483,78486,78494,78495,78496,78498,78499,78501,78502,78503,78504,78505,78506,78507,78509,78511,78512,78514,78515,78518,78519,78521,78523,78524,78526,78528,78529,78532,78534,78537,78538,78539,78542,78544,78546,78547,78548,78549,78550,78552,78553,78554,78556,78557,78558,78559,78561,78563,78564,78566,78568,78569,78571,78572,78574,78579,78580,78582,78583,78584,78585,78586,78588,78589,78590,78591,78592,78593,78594,78596,78600,78601,78602,78603,78604,78608,78609,78611,78612,78613,78614,78617,78620,78624,78625,78626,78627,78629,78630,78637,78641,78642,78643,78644,78645,78647,78648,78649,78650,78654,78655,78657,78658,78659,78660,78661,78662,78663,78664,78665,78668,78669,78677,78678,78680,78682,78685,78686,78687,78690,78693,78694,78695,78696,78699,78700,78701,78705,78710,78713,78714,78717	Fri Apr 22 18:38:45 2016
32,50,3888,5399,8128,8449,8720,8935,8936,9587,17027,17308,17309,17652,17656,17675,17677,17842,17843,17844,17846,17847,17849,17850,17852,17853,17866,17868,17870,18022,18030,18032,18046,18048,18049,18050,18210,18502,18503,18505,18506,18518,18827,19708,20869,20870,20872,20873,20883,20997,20998,21004,21007,21009,21010,21012,21031,21036,21243,21246,21248,21249,21250,21254,21436,24407,24409,24410,29540,31376,35009,35105,35420,35681,36331,36350,36353,36578,39256,39349,39356,39363,39370,39377,41783,41947,41948,42277,42315,42397,42467,42468,42469,42470,42475,42476,42480,42483,42486,42490,42491,42500,42502,42503,42508,42509,42512,42519,42520,42524,42526,42533,42534,42535,42537,42538,42541,42543,42552,42553,42554,42555,42556,42557,42560,42563,42564,42565,42566,42569,42570,42571,42575,42576,42875,43009,43049,43053,43211,43639,43641,43650,43653,43656,43659,43733,44625,44733,44735,45016,45034,46387,46388,46390,46516,46520,46600,48770,48811,48818,49030,49100,49912,51789,51792,51817,51828,52113,52115,52129,52153,52166,52175,52733,52747,53488,53505,53525,53589,53662,53713,53718,53754,61053,61054,61070,61095,61116,63893,63896,65229,65475,65481,65696,65773,65780,65817,65845,66072,66088,66112,66113,66116,66767,66947,66948,67479,67480,67481,67484,67494,68121,68123,68125,68134,68141,68162,68164,70072,70126,70129,70133,70136,70140,70143,70151,70155,70161,70165,70169,70170,70171,70173,70178,70179,70182,70189,70190,70192,70200,70205,70212,70213,70214,70215,70217,70218,70225,70227,70314,70685,70761,70809,70910,70932,70935,71000,71017,71082,71229,71354,71444,71533,71691,71933,71964,71992,72053,72198,72227,72330,72361,72396,72409,72460,72532,72642,72665,72700,72756,72794,72878,72893,72967,72978,73238,73301,73360,73423,73526,73543,73681,73751,73802,74013,74065,74197,74351,74377,74408,74595,74985,74986,75003,75055,75103,75268,75363,75611,75643,75659,75668,75741,75777,75793,75811,75896,75935,75962,75988,76030,76064,76104,76140,76177,76436,76599,76602,76824,77083,77141,77219,77269,77270,77276,77283,77285,77315,77317,77318,77329,77335,77351,77352,77354,77356,77362,77375,77388,77397,77401,77404,77432,77435,77458,77463,77509,77679,77682,77689,77694,77695,77702,77706,77710,77715,77716,77719,77720,77721,77722,77724,77731,77735,77752,77756,77761,77764,77766,77770,77771,77775,77776,77781,77783,77787,77788,77790,77791,77792,77793,77794,77795,77796,77797,77798,77799,77800,77801,77802,77803,77804,77805,77806,77808,77811,77813,77814,77817,77818,77820,77821,77823,77824,77826,77827,77828,77829,77830,77831,77835,77836,77837,77838,77839,77841,77842,77843,77844,77846,77847,77848,77849,77851,77852,77853,77854,77855,77856,77859,77860,77861,77862,77864,77865,77866,77867,77868,77869,77870,77871,77872,77873,77874,77875,77876,77877,77878,77879,77880,77881,77882,77883,77885,77886,77887,77888,77889,77890,77891,77893,77894,77895,77896,77897,77898,77899,77901,77903,77904,77905,77907,77908,77909,77910,77911,77912,77913,77914,77915,77916,77917,77918,77919,77920,77922,77924,77926,77927,77928,77929,77931,77933,77935,77936,77937,77938,77939,77940,77942,77943,77944,77946,77947,77948,77949,77950,77951,77952,77954,77955,77956,77957,77958,77959,77960,77961,77962,77963,77964,77965,77966,77967,77968,77969,77970,77971,77972,77973,77974,77975,77976,77977,77979,77981,77982,77983,77985,77986,77987,77988,77989,77990,77991,77992,77993,77995,77996,77997,77998,77999,78000,78001,78002,78003,78004,78005,78006,78007,78008,78009,78010,78012,78013,78014,78015,78016,78017,78018,78019,78020,78021,78022,78023,78024,78026,78027,78028,78029,78030,78031,78032,78033,78034,78035,78037,78038,78039,78040,78041,78042,78043,78044,78045,78046,78047,78048,78049,78050,78051,78052,78053,78054,78055,78056,78057,78058,78059,78060,78061,78062,78063,78064,78065,78066,78067,78068,78069,78070,78071,78072,78073,78074,78075,78076,78077,78078,78079,78080,78081,78082,78083,78084,78085,78086,78087,78088,78089,78090,78091,78092,78093,78094,78095,78096,78097,78098,78099,78100,78101,78102,78103,78104,78105,78106,78107,78108,78109,78110,78111,78112,78113,78114,78115,78116,78117,78118,78119,78120,78122,78123,78124,78126,78127,78129,78131,78132,78133,78134,78135,78136,78137,78138,78139,78140,78141,78143,78144,78145,78146,78147,78148,78149,78150,78152,78153,78154,78155,78156,78157,78158,78160,78161,78162,78163,78164,78165,78166,78167,78169,78170,78171,78173,78174,78175,78176,78177,78178,78179,78180,78182,78183,78185,78186,78187,78189,78190,78191,78192,78193,78194,78195,78196,78197,78198,78200,78201,78205,78206,78207,78208,78209,78211,78212,78213,78214,78215,78217,78218,78219,78220,78221,78222,78224,78225,78226,78228,78229,78230,78231,78232,78233,78234,78235,78236,78237,78239,78241,78242,78243,78244,78245,78246,78247,78249,78251,78252,78254,78255,78256,78257,78258,78259,78260,78263,78264,78265,78266,78267,78269,78270,78271,78272,78274,78275,78277,78278,78279,78280,78281,78282,78283,78284,78285,78286,78288,78290,78291,78293,78294,78296,78297,78299,78300,78302,78303,78304,78305,78306,78307,78308,78310,78311,78312,78314,78316,78317,78319,78320,78321,78324,78325,78326,78327,78328,78329,78330,78331,78332,78333,78336,78338,78339,78341,78342,78343,78344,78345,78346,78347,78349,78351,78352,78354,78355,78356,78358,78359,78360,78363,78364,78365,78366,78368,78369,78370,78371,78373,78374,78375,78376,78377,78378,78380,78381,78382,78383,78384,78385,78386,78388,78389,78390,78391,78392,78394,78395,78399,78400,78401,78402,78403,78404,78406,78408,78409,78410,78412,78413,78415,78416,78417,78418,78420,78421,78422,78424,78425,78426,78427,78429,78430,78431,78432,78435,78436,78437,78438,78439,78440,78442,78443,78444,78447,78449,78450,78451,78452,78453,78454,78455,78456,78457,78458,78460,78461,78462,78463,78464,78465,78467,78468,78469,78470,78471,78474,78475,78476,78478,78479,78480,78481,78483,78486,78491,78494,78495,78496,78498,78499,78500,78501,78502,78503,78504,78505,78506,78507,78509,78510,78511,78512,78513,78514,78515,78516,78518,78519,78520,78521,78523,78524,78526,78527,78528,78529,78532,78534,78535,78537,78538,78539,78541,78542,78544,78545,78546,78547,78548,78549,78550,78551,78552,78553,78554,78556,78557,78558,78559,78560,78561,78563,78564,78566,78567,78568,78569,78570,78571,78572,78574,78579,78580,78582,78583,78584,78585,78586,78587,78588,78589,78590,78591,78592,78593,78594,78596,78598,78600,78601,78602,78603,78604,78605,78607,78608,78609,78610,78611,78612,78613,78614,78617,78620,78624,78625,78626,78627,78628,78629,78630,78631,78632,78633,78637,78639,78640,78641,78642,78643,78644,78645,78646,78647,78648,78649,78650,78653,78654,78655,78657,78658,78659,78660,78661,78662,78663,78664,78665,78666,78667,78668,78669,78671,78677,78678,78679,78680,78681,78682,78683,78684,78685,78686,78687,78690,78691,78693,78694,78695,78696,78697,78699,78700,78701,78703,78705,78706,78707,78710,78712,78713,78714,78716,78717,78719,78721,78722,78727,78729,78731,78732,78733,78734,78735,78736,78737,78738,78739,78740,78741,78742	Sat May 14 21:27:47 2016
